format short g;

%% Constants
e0 = 8.854187817e-12;
mu0 = 1.2566370614e-06;
c0 = 299792458;
kB = 1.3807e-23;
q = -1.6022e-19;
h = 6.626069311e-34;
me = 9.10938356e-31;
